{
    "end_time": 1761595364.130072,
    "errors": 0,
    "final_stats": {
        "avg_velocity": 198.31536790504018,
        "boost_time": 11.902400000005963,
        "game_radius": 21600,
        "total_enemies_seen": 96534,
        "total_food_seen": 155418
    },
    "frame_count": 585,
    "frames_written": 585,
    "last_update": 1761595364.1279418,
    "session_id": "1761595264213",
    "start_time": 1761595264.319427,
    "stats": {
        "avg_velocity": 198.31536790504018,
        "boost_time": 11.902400000005963,
        "game_radius": 21600,
        "total_enemies_seen": 96534,
        "total_food_seen": 155418
    },
    "valid_frames": 585
}