{
    "end_time": 1761584023.402286,
    "errors": 53,
    "final_stats": {
        "avg_velocity": 228.319652582217,
        "boost_time": 1017.2103999999332,
        "game_radius": 21600,
        "total_enemies_seen": 31639555,
        "total_food_seen": 29320377
    },
    "frame_count": 45980,
    "frames_written": 45980,
    "last_update": 1761584023.398004,
    "session_id": "1761579286757",
    "start_time": 1761579240.682397,
    "stats": {
        "avg_velocity": 228.319652582217,
        "boost_time": 1017.2103999999332,
        "game_radius": 21600,
        "total_enemies_seen": 31639555,
        "total_food_seen": 29320377
    },
    "valid_frames": 45980
}