{
    "end_time": 1761595124.006238,
    "errors": 1,
    "final_stats": {
        "avg_velocity": 165.56596796887803,
        "boost_time": 13.597699999988086,
        "game_radius": 21600,
        "total_enemies_seen": 175598,
        "total_food_seen": 208063
    },
    "frame_count": 1326,
    "frames_written": 1326,
    "last_update": 1761595124.004304,
    "session_id": "1761594881669",
    "start_time": 1761594881.774086,
    "stats": {
        "avg_velocity": 165.56596796887803,
        "boost_time": 13.597699999988086,
        "game_radius": 21600,
        "total_enemies_seen": 175598,
        "total_food_seen": 208063
    },
    "valid_frames": 1326
}