{
    "end_time": 1761583903.337722,
    "errors": 0,
    "final_stats": {
        "avg_velocity": 254.7688400780915,
        "boost_time": 21.20060000002386,
        "game_radius": 21600,
        "total_enemies_seen": 181682,
        "total_food_seen": 295093
    },
    "frame_count": 597,
    "frames_written": 597,
    "last_update": 1761583903.332829,
    "session_id": "1761583764320",
    "start_time": 1761583764.507862,
    "stats": {
        "avg_velocity": 254.7688400780915,
        "boost_time": 21.20060000002386,
        "game_radius": 21600,
        "total_enemies_seen": 181682,
        "total_food_seen": 295093
    },
    "valid_frames": 597
}