{
    "end_time": 1761595544.19624,
    "errors": 7,
    "final_stats": {
        "avg_velocity": 170.73329718945672,
        "boost_time": 14.198299999999806,
        "game_radius": 21600,
        "total_enemies_seen": 528101,
        "total_food_seen": 1119504
    },
    "frame_count": 2405,
    "frames_written": 2405,
    "last_update": 1761595544.195458,
    "session_id": "1761595238365",
    "start_time": 1761595238.728856,
    "stats": {
        "avg_velocity": 170.73329718945672,
        "boost_time": 14.198299999999806,
        "game_radius": 21600,
        "total_enemies_seen": 528101,
        "total_food_seen": 1119504
    },
    "valid_frames": 2405
}