{
    "end_time": 1761595304.0683541,
    "errors": 1,
    "final_stats": {
        "avg_velocity": 187.27366412331776,
        "boost_time": 19.025700000017906,
        "game_radius": 21600,
        "total_enemies_seen": 231017,
        "total_food_seen": 336745
    },
    "frame_count": 980,
    "frames_written": 980,
    "last_update": 1761595304.065462,
    "session_id": "1761595112933",
    "start_time": 1761595113.03878,
    "stats": {
        "avg_velocity": 187.27366412331776,
        "boost_time": 19.025700000017906,
        "game_radius": 21600,
        "total_enemies_seen": 231017,
        "total_food_seen": 336745
    },
    "valid_frames": 980
}