{
    "end_time": 1761594703.956043,
    "errors": 1,
    "final_stats": {
        "avg_velocity": 155.1106186960841,
        "boost_time": 0.0,
        "game_radius": 21600,
        "total_enemies_seen": 157385,
        "total_food_seen": 233377
    },
    "frame_count": 686,
    "frames_written": 686,
    "last_update": 1761594703.9543,
    "session_id": "1761594574389",
    "start_time": 1761594574.4980931,
    "stats": {
        "avg_velocity": 155.1106186960841,
        "boost_time": 0.0,
        "game_radius": 21600,
        "total_enemies_seen": 157385,
        "total_food_seen": 233377
    },
    "valid_frames": 686
}