{
    "end_time": 1761580363.034435,
    "errors": 0,
    "final_stats": {
        "avg_velocity": 218.333112112046,
        "boost_time": 2.89859999999404,
        "game_radius": 21600,
        "total_enemies_seen": 42153,
        "total_food_seen": 62528
    },
    "frame_count": 191,
    "session_id": "1761580281379",
    "start_time": 1761580281.4858701,
    "valid_frames": 191
}