{
    "end_time": 1761594223.915929,
    "errors": 0,
    "final_stats": {
        "avg_velocity": 265.0929518617499,
        "boost_time": 17.983599999994055,
        "game_radius": 21600,
        "total_enemies_seen": 224564,
        "total_food_seen": 209339
    },
    "frame_count": 341,
    "frames_written": 38839,
    "last_update": 1761594223.913547,
    "session_id": "1761580309746",
    "start_time": 1761580309.853665,
    "stats": {
        "avg_velocity": 265.0929518617499,
        "boost_time": 17.983599999994055,
        "game_radius": 21600,
        "total_enemies_seen": 224564,
        "total_food_seen": 209339
    },
    "valid_frames": 341
}