{
    "end_time": 1761602085.215909,
    "errors": 2,
    "final_stats": {
        "avg_velocity": 362.1309727125077,
        "boost_time": 367.22450000002806,
        "game_radius": 21600,
        "total_enemies_seen": 4953075,
        "total_food_seen": 5266765
    },
    "frame_count": 5128,
    "frames_written": 44655,
    "last_update": 1761602085.214026,
    "session_id": "1761580309746",
    "start_time": 1761580309.853665,
    "stats": {
        "avg_velocity": 362.1309727125077,
        "boost_time": 367.22450000002806,
        "game_radius": 21600,
        "total_enemies_seen": 4953075,
        "total_food_seen": 5266765
    },
    "valid_frames": 5128
}